110
143
172
173
221
254
255
255
255
205
199
165
132
145
74
57
50
30
0
47
4
8
47
47
103
153
119
183
216
207
253
255
255
219
218
228
196
114
105
72
70
10
64
15
21
11
40
24
95
73
142
163
187
199
222
253
229
255
222
212
176
170
161
110
99
52
66
5
8
32
0
13
49
70
67
111
197
198
183
231
255
243
255
240
253
190
172
157
128
66
83
39
9
0
14
0
0
47
61
103
171
137
180
201
251
253
255
255
229
230
199
142
114
144
94
22
31
6
37
0
17
12
42
36
99
133
158
179
203
200
213
245
219
220
206
215
193
169
95
81
40
22
23
0
0
12
41
61
64
96
120
155
165
218
223
255
255
255
251
226
245
181
141
125
75
28
86
16
5
0
0
36
35
36
79
120
172
189
204
219
255
245
249
255
240
199
220
159
122
75
28
59
29
0
0
12
8
5
51
63
149
130
204
176
219
240
255
245
255
231
215
181
153
126
87
38
46
30
9
0
0
0
36
51
82
106
128
146
187
241
252
250
255
255
221
209
215
176
148
111
